1 0.38828125 0.4171875 0.14765625 0.51328125
1 0.896875 0.46484375 0.1625 0.52578125
1 0.753125 0.42265625 0.10625 0.5546875
2 0.3609375 0.525 0.075 0.07734375
1 0.50078125 0.43046875 0.13515625 0.53828125
2 0.22109375 0.546875 0.0734375 0.08359375
2 0.753125 0.52265625 0.078125 0.0859375
0 0.92734375 0.26015625 0.1453125 0.26484375
2 0.47578125 0.50859375 0.0734375 0.0734375
2 0.075 0.51328125 0.08125 0.08359375
2 0.91953125 0.5921875 0.0859375 0.08984375
1 0.12578125 0.425 0.22109375 0.51171875
1 0.2625 0.4265625 0.1890625 0.51484375
1 0.6328125 0.4296875 0.1328125 0.5078125