1 0.146875 0.675 0.0546875 0.25
1 0.21328125 0.68359375 0.06171875 0.24921875
1 0.2703125 0.6828125 0.05390625 0.24921875
1 0.32265625 0.684375 0.0625 0.24921875
1 0.3796875 0.690625 0.06015625 0.24375
1 0.43515625 0.69375 0.0671875 0.24375
1 0.49765625 0.68984375 0.05859375 0.2484375
1 0.553125 0.69296875 0.059375 0.2421875
1 0.6078125 0.69765625 0.06640625 0.2359375
1 0.6734375 0.70546875 0.07890625 0.246875
1 0.72890625 0.7078125 0.07578125 0.25546875
1 0.79453125 0.7109375 0.0890625 0.25390625
1 0.84453125 0.709375 0.078125 0.25
1 0.90859375 0.7109375 0.09296875 0.26015625