1 0.8265625 0.5734375 0.065625 0.18125
1 0.18984375 0.18359375 0.0984375 0.0984375
1 0.5609375 0.2296875 0.04375 0.0625
1 0.63515625 0.23046875 0.0359375 0.0765625
1 0.4 0.109375 0.059375 0.0875
0 0.915625 0.1328125 0.09375 0.13125
1 0.58515625 0.54296875 0.0671875 0.2109375
1 0.95703125 0.4203125 0.0578125 0.165625
0 0.9546875 0.0265625 0.0625 0.053125
1 0.5171875 0.53984375 0.06875 0.2109375
1 0.66015625 0.54609375 0.0703125 0.2296875
1 0.58359375 0.065625 0.0328125 0.078125
1 0.51171875 0.10859375 0.0421875 0.0828125
1 0.67890625 0.06015625 0.0296875 0.0828125
1 0.64296875 0.04609375 0.0328125 0.0640625
1 0.415625 0.57421875 0.08125 0.1984375
1 0.25625 0.59921875 0.075 0.1671875
1 0.334375 0.57890625 0.059375 0.1765625
1 0.87265625 0.58125 0.0734375 0.184375
0 0.896875 0.065625 0.09375 0.11875
0 0.88515625 0.2703125 0.1078125 0.2125
1 0.75703125 0.5375 0.0640625 0.18125