1 0.1515625 0.67578125 0.06015625 0.2734375
1 0.21953125 0.67578125 0.0625 0.2734375
1 0.278125 0.67578125 0.0390625 0.27421875
1 0.325 0.67734375 0.0578125 0.2484375
1 0.38359375 0.68515625 0.05859375 0.240625
1 0.43125 0.68984375 0.065625 0.240625
1 0.5 0.69296875 0.05625 0.246875
1 0.553125 0.696875 0.06875 0.2484375
1 0.6078125 0.6984375 0.0703125 0.246875
1 0.67265625 0.7 0.06875 0.2375
1 0.72578125 0.70234375 0.06953125 0.2453125
1 0.7875 0.6984375 0.08046875 0.25234375
1 0.84296875 0.70625 0.0921875 0.2609375
1 0.9125 0.71171875 0.1140625 0.2609375