1 0.29296875 0.22734375 0.1859375 0.30546875
1 0.48515625 0.234375 0.22578125 0.321875
1 0.63359375 0.22578125 0.3296875 0.2953125
1 0.10859375 0.225 0.2 0.315625
1 0.54296875 0.584375 0.346875 0.296875
1 0.84140625 0.56953125 0.31640625 0.2890625
1 0.20390625 0.55859375 0.38046875 0.3578125
2 0.8640625 0.59140625 0.2 0.0890625
2 0.54453125 0.265625 0.11640625 0.053125
2 0.5390625 0.596875 0.178125 0.08125
2 0.90546875 0.24296875 0.0890625 0.0453125
2 0.184375 0.5859375 0.18046875 0.078125
2 0.29609375 0.27421875 0.11953125 0.0546875
2 0.084375 0.28984375 0.125 0.0546875
2 0.734375 0.26796875 0.10859375 0.0546875
1 0.7953125 0.2140625 0.3546875 0.26875