1 0.86015625 0.503125 0.2265625 0.18125
1 0.58046875 0.13828125 0.134375 0.1015625
2 0.93515625 0.9359375 0.07109375 0.04375
1 0.8421875 0.9046875 0.30546875 0.18984375
2 0.13125 0.14609375 0.115625 0.0640625
1 0.50546875 0.90703125 0.1796875 0.1859375
2 0.59375 0.16953125 0.0765625 0.0390625
1 0.50234375 0.29921875 0.19453125 0.1734375
1 0.51328125 0.49765625 0.26328125 0.1953125
1 0.409375 0.11796875 0.1234375 0.1296875
1 0.1421875 0.5171875 0.2 0.16875
2 0.56875 0.553125 0.06875 0.046875
1 0.1171875 0.14296875 0.15546875 0.1015625
1 0.17734375 0.90234375 0.20703125 0.1890625
1 0.834375 0.7046875 0.2953125 0.18359375
2 0.40546875 0.128125 0.084375 0.0375
2 0.1265625 0.96328125 0.08984375 0.0453125
2 0.215625 0.7140625 0.08984375 0.05
2 0.54375 0.30625 0.0921875 0.04375
1 0.15625 0.70234375 0.22890625 0.2046875
2 0.5 0.9671875 0.10546875 0.05
2 0.125 0.5359375 0.08671875 0.046875
1 0.8515625 0.0984375 0.28671875 0.18125
2 0.13828125 0.3046875 0.11328125 0.053125
2 0.78046875 0.08359375 0.11328125 0.0578125
2 0.84453125 0.53203125 0.11015625 0.0515625
1 0.84921875 0.30078125 0.29765625 0.1796875
2 0.93359375 0.30546875 0.09296875 0.046875
2 0.5984375 0.73359375 0.10078125 0.05625
1 0.50703125 0.7 0.31796875 0.19765625
2 0.93671875 0.71328125 0.071875 0.04140625
1 0.1921875 0.3046875 0.2640625 0.1921875