1 0.15 0.6765625 0.0546875 0.25546875
1 0.2125 0.68203125 0.05859375 0.2453125
1 0.26484375 0.6796875 0.07109375 0.24453125
1 0.3265625 0.68515625 0.059375 0.24296875
1 0.3859375 0.6875 0.0546875 0.240625
1 0.43671875 0.6875 0.053125 0.23984375
1 0.496875 0.69140625 0.06640625 0.2390625
1 0.55625 0.69375 0.046875 0.2328125
1 0.609375 0.70078125 0.0578125 0.2453125
1 0.6765625 0.7015625 0.06953125 0.23828125
1 0.73125 0.70234375 0.07109375 0.240625
1 0.7890625 0.7078125 0.0796875 0.2421875
1 0.8453125 0.70859375 0.0875 0.25234375
1 0.90546875 0.70859375 0.103125 0.2515625