1 0.59453125 0.490625 0.0953125 0.18671875
1 0.74296875 0.49921875 0.1765625 0.8875
1 0.13203125 0.58984375 0.1984375 0.66015625
1 0.89921875 0.490625 0.1765625 0.8734375
1 0.43515625 0.5125 0.1296875 0.89765625
1 0.278125 0.503125 0.18125 0.88671875
1 0.5765625 0.50390625 0.16015625 0.92578125
2 0.9296875 0.43515625 0.096875 0.16796875
2 0.4265625 0.525 0.084375 0.171875
2 0.24296875 0.475 0.0859375 0.1640625
2 0.0796875 0.4984375 0.090625 0.1640625
2 0.59453125 0.48671875 0.0890625 0.171875
2 0.76875 0.4921875 0.090625 0.16015625