1 0.765625 0.3421875 0.0390625 0.071875
1 0.8140625 0.2765625 0.03203125 0.06484375
1 0.65546875 0.75234375 0.05234375 0.1265625
1 0.56875 0.725 0.05625 0.13046875
1 0.603125 0.67265625 0.04375 0.10703125
1 0.715625 0.60703125 0.03828125 0.103125
1 0.7578125 0.56015625 0.04765625 0.10859375
1 0.63828125 0.5515625 0.0453125 0.090625
1 0.47578125 0.528125 0.04453125 0.065625
1 0.39453125 0.54140625 0.05625 0.07109375
0 0.42734375 0.7 0.196875 0.3203125
0 0.08828125 0.78515625 0.1765625 0.33359375
0 0.18515625 0.3734375 0.18046875 0.3296875
0 0.82265625 0.06171875 0.07890625 0.0828125
0 0.8984375 0.06640625 0.11875 0.0984375
0 0.2234375 0.0921875 0.06484375 0.07265625
1 0.26953125 0.1078125 0.01875 0.04921875
1 0.1671875 0.12109375 0.0234375 0.053125
1 0.1375 0.12265625 0.02109375 0.05
1 0.11640625 0.12109375 0.0203125 0.05
1 0.09140625 0.12421875 0.021875 0.05078125
1 0.040625 0.128125 0.0234375 0.05