1 0.0578125 0.9625 0.040625 0.075
1 0.196875 0.9703125 0.053125 0.059375
1 0.675 0.9296875 0.04375 0.10703125
1 0.83984375 0.80703125 0.03203125 0.078125
1 0.89609375 0.90390625 0.03828125 0.09609375
1 0.6765625 0.7609375 0.04609375 0.1
1 0.59921875 0.73359375 0.0359375 0.071875
1 0.68046875 0.65546875 0.04140625 0.07578125
1 0.7375 0.6609375 0.0296875 0.08125
1 0.78125 0.59453125 0.03125 0.06484375
1 0.6609375 0.57265625 0.03125 0.06484375
1 0.8171875 0.46484375 0.03125 0.06171875
1 0.74296875 0.54140625 0.03125 0.06796875
1 0.971875 0.4890625 0.025 0.0578125
1 0.51015625 0.4734375 0.0234375 0.05078125
1 0.64140625 0.496875 0.021875 0.05078125
1 0.71484375 0.50234375 0.02890625 0.04921875
1 0.7421875 0.446875 0.025 0.040625
1 0.759375 0.40390625 0.01796875 0.0484375
1 0.77890625 0.39375 0.01796875 0.046875
1 0.7046875 0.42109375 0.025 0.04375
1 0.6125 0.4234375 0.021875 0.04296875
1 0.47734375 0.384375 0.02109375 0.04453125
0 0.125 0.68203125 0.12890625 0.14609375
0 0.290625 0.690625 0.12421875 0.20234375
0 0.4875 0.73984375 0.1234375 0.1484375
0 0.553125 0.5375 0.0859375 0.11796875
0 0.51640625 0.6609375 0.1046875 0.13046875
0 0.38125 0.61171875 0.10234375 0.1265625
0 0.196875 0.54765625 0.08203125 0.10625
0 0.25859375 0.496875 0.08671875 0.11953125
0 0.34609375 0.42578125 0.06484375 0.08984375
0 0.684375 0.28828125 0.05390625 0.10546875
0 0.44296875 0.28359375 0.0515625 0.07265625
0 0.39765625 0.509375 0.09609375 0.14296875