1 0.36171875 0.96640625 0.05234375 0.06640625
1 0.259375 0.83828125 0.04296875 0.103125
1 0.365625 0.8078125 0.04140625 0.1015625
1 0.48359375 0.8046875 0.03984375 0.0875
1 0.4890625 0.925 0.05234375 0.134375
1 0.60234375 0.975 0.0609375 0.05
1 0.25234375 0.70703125 0.040625 0.10078125
1 0.2828125 0.753125 0.03828125 0.0859375
1 0.3203125 0.634375 0.02734375 0.0859375
1 0.3890625 0.56640625 0.0234375 0.0734375
1 0.434375 0.55703125 0.02265625 0.06328125
1 0.5015625 0.55078125 0.0234375 0.06171875
1 0.58984375 0.54921875 0.03515625 0.0640625
1 0.6359375 0.54921875 0.02890625 0.06015625
1 0.35390625 0.5625 0.0265625 0.06640625
1 0.43984375 0.45234375 0.01796875 0.04140625
0 0.534375 0.490625 0.0453125 0.071875
0 0.63671875 0.49765625 0.0578125 0.06875
0 0.6953125 0.44765625 0.046875 0.05859375
0 0.61015625 0.4375 0.04140625 0.0546875
0 0.50625 0.44453125 0.0515625 0.11015625
0 0.725 0.55703125 0.0765625 0.0828125
0 0.8359375 0.6921875 0.1015625 0.11796875
0 0.703125 0.7375 0.09453125 0.13203125
0 0.896875 0.82890625 0.2015625 0.146875
0 0.50859375 0.6765625 0.09375 0.13046875
0 0.53515625 0.61640625 0.07578125 0.1015625
0 0.66953125 0.67890625 0.08828125 0.11484375
0 0.721875 0.6265625 0.08125 0.10859375