1 0.12421875 0.8125 0.09609375 0.21171875
1 0.57421875 0.74921875 0.12109375 0.21953125
0 0.34453125 0.75390625 0.203125 0.2921875
0 0.0765625 0.64296875 0.153125 0.2421875
0 0.146875 0.43203125 0.140625 0.21796875
0 0.39765625 0.61484375 0.17421875 0.24921875
0 0.88203125 0.75859375 0.21875 0.38828125
0 0.7203125 0.52109375 0.1625 0.21171875
0 0.41171875 0.49921875 0.17109375 0.1609375
0 0.32265625 0.34609375 0.10390625 0.14296875
0 0.4625 0.375 0.13359375 0.1375
0 0.91953125 0.4125 0.11640625 0.17890625
0 0.66953125 0.42734375 0.13359375 0.221875
0 0.2421875 0.3328125 0.09296875 0.13046875
0 0.7578125 0.70234375 0.1265625 0.2625