1 0.04375 0.32578125 0.05078125 0.1375
1 0.40703125 0.30234375 0.0390625 0.1171875
1 0.58125 0.359375 0.0625 0.1265625
1 0.31171875 0.5640625 0.075 0.16640625
1 0.58203125 0.8234375 0.0640625 0.15546875
1 0.41953125 0.68125 0.0765625 0.16484375
1 0.12265625 0.56171875 0.0640625 0.13046875
0 0.2125 0.30234375 0.2015625 0.3328125
0 0.09375 0.79375 0.1875 0.4125
2 0.58203125 0.8078125 0.03671875 0.04375
2 0.3140625 0.56875 0.03125 0.03671875
2 0.47578125 0.58046875 0.03203125 0.03671875
2 0.11640625 0.55625 0.034375 0.03828125
2 0.21484375 0.34296875 0.0390625 0.0328125
2 0.40859375 0.284375 0.02421875 0.02734375
2 0.58125 0.3765625 0.0265625 0.028125