0 0.340625 0.87734375 0.1546875 0.18828125
0 0.584375 0.87421875 0.15625 0.23046875
0 0.43203125 0.66796875 0.11328125 0.17109375
0 0.60078125 0.71796875 0.1359375 0.18046875
0 0.6046875 0.6 0.10546875 0.11484375
0 0.7484375 0.47578125 0.071875 0.09453125
0 0.49765625 0.4921875 0.09375 0.1109375
0 0.565625 0.54140625 0.0734375 0.0984375
0 0.5765625 0.45546875 0.07421875 0.0859375
0 0.06328125 0.6328125 0.1265625 0.184375
0 0.19765625 0.42578125 0.08515625 0.08984375
0 0.37421875 0.38671875 0.065625 0.1015625
0 0.3875 0.28828125 0.04453125 0.06171875
0 0.51015625 0.409375 0.07109375 0.07890625
1 0.321875 0.4515625 0.03125 0.0640625
1 0.2953125 0.4484375 0.02890625 0.07109375
1 0.3109375 0.3078125 0.0265625 0.04609375
1 0.35 0.43125 0.025 0.0609375
1 0.74453125 0.9703125 0.04765625 0.05859375
1 0.7765625 0.86640625 0.04296875 0.09296875
1 0.73671875 0.80390625 0.040625 0.09765625
1 0.67890625 0.80546875 0.03828125 0.0890625
1 0.65625 0.5234375 0.03125 0.065625